{
 "cells": [
  {
   "cell_type": "code",
   "execution_count": 1,
   "id": "d8c1358a-5247-41fb-be92-2b18a0b3e171",
   "metadata": {},
   "outputs": [],
   "source": [
    "# Debug Abaqus"
   ]
  },
  {
   "cell_type": "code",
   "execution_count": 131,
   "id": "2d151485-9540-416e-bd9c-4978d1f6a575",
   "metadata": {},
   "outputs": [],
   "source": [
    "import numpy as np\n",
    "import tensorflow as tf\n",
    "from misc import preprocessing, normalization\n",
    "import tensorflow.keras.backend as K\n",
    "\n",
    "dataset_name = 'P12AC1_xy'\n",
    "model_name = 'P12AC1_xy'\n",
    "model_fname   = 'savednet/'+model_name+'.json'\n",
    "weights_fname = 'savednet/'+model_name+'_weights.h5'\n",
    "model = tf.keras.models.model_from_json(open(model_fname).read())\n",
    "model.load_weights(weights_fname)\n",
    "ndata, I1, I2, Ia, Is, Psi_gt, X, Y, sigma_gt, F, C, C_inv  = preprocessing(dataset_name)\n",
    "meanPsi, meanI1, meanI2, meanIa, meanIs, stdPsi, stdI1, stdI2, stdIa, stdIs = normalization(True, model_name, Psi_gt, I1, I2, Ia, Is)"
   ]
  },
  {
   "cell_type": "code",
   "execution_count": 132,
   "id": "91daa996-bc9e-4dac-af7b-bd6177ac34a7",
   "metadata": {},
   "outputs": [],
   "source": [
    "# dfgrd1 = np.array([\n",
    "#     [1.05181164390228,         0.279726191613219,       -7.170170769637634E-002],\n",
    "#     [-7.968914041957097E-002,  0.898491253723326,       -2.073957440069644E-003],\n",
    "#     [1.755877436359610E-002,  -4.041710028534459E-003,   1.04254149792529      ]]\n",
    "# ,dtype=np.float64)\n",
    "\n",
    "dfgrd1 = np.array([\n",
    "    [1.02000000000016      ,-1.452449271965897E-013 , 1.875825883512808E-013],\n",
    "    [-1.620023559745261E-013,  0.945332212756261     ,  1.470136512526958E-012],\n",
    "    [ 2.448527491871805E-013, -1.478511757468974E-012 ,  1.03699103875074]]\n",
    ",dtype=np.float64)\n",
    "\n",
    "F = dfgrd1.transpose()"
   ]
  },
  {
   "cell_type": "code",
   "execution_count": 133,
   "id": "7d431127-dea1-4a16-8e57-77f190397a9a",
   "metadata": {},
   "outputs": [],
   "source": [
    "a0 = np.array([1,0,0])\n",
    "s0 = np.array([0,1,0])"
   ]
  },
  {
   "cell_type": "code",
   "execution_count": 141,
   "id": "c33eb0c5-b8e6-4cd7-b714-442664d70170",
   "metadata": {},
   "outputs": [
    {
     "name": "stdout",
     "output_type": "stream",
     "text": [
      "tf.Tensor([[ 0.33348714  0.28588636 -0.00069868  0.25107797]], shape=(1, 4), dtype=float64) tf.Tensor([[ 0.25187445  0.21606486 -0.00064973  0.18949357]], shape=(1, 4), dtype=float64) tf.Tensor([[-4.44809972e-04 -4.43677445e-04  6.01339456e-05 -2.74186347e-04]], shape=(1, 4), dtype=float64) tf.Tensor([[ 0.13536345  0.11597636 -0.0002181   0.10197335]], shape=(1, 4), dtype=float64)\n"
     ]
    }
   ],
   "source": [
    "J = np.linalg.det(F)\n",
    "C = np.matmul(F.transpose(),F)\n",
    "Chat = J**(-2/3)*C\n",
    "detC = np.linalg.det(C)\n",
    "Cinv = np.linalg.inv(C)\n",
    "Fhat = J**(-1/3)*F\n",
    "Chat2 = np.matmul(Chat,Chat)\n",
    "trChat2 = Chat2[0,0]+Chat2[1,1]+Chat2[2,2]\n",
    "\n",
    "I1hat = Chat[0,0]+Chat[1,1]+Chat[2,2]\n",
    "I2hat = 1/2*(I1hat**2-trChat2)\n",
    "Iahat = np.dot(a0, np.dot(Chat,a0))\n",
    "Ishat = np.dot(s0, np.dot(Chat,s0))\n",
    "\n",
    "in1 = (I1hat-meanI1)/stdI1\n",
    "in2 = (I2hat-meanI2)/stdI2\n",
    "in3 = (Iahat-meanIa)/stdIa\n",
    "in4 = (Ishat-meanIs)/stdIs\n",
    "inputs = np.zeros([1,4])\n",
    "inputs[:,0] = in1\n",
    "inputs[:,1] = in2\n",
    "inputs[:,2] = in3\n",
    "inputs[:,3] = in4\n",
    "\n",
    "intensor = tf.Variable(inputs)\n",
    "with tf.GradientTape(persistent=True) as t:\n",
    "    NN_outputs = model(intensor)\n",
    "    grads1 = NN_outputs[:,1]**2\n",
    "    grads2 = NN_outputs[:,2]**2\n",
    "    gradsa = NN_outputs[:,3]**2\n",
    "    gradss = NN_outputs[:,4]**2\n",
    "\n",
    "Psi1 = NN_outputs[0][1].numpy()**2\n",
    "Psi2 = NN_outputs[0][2].numpy()**2\n",
    "Psia = NN_outputs[0][3].numpy()**2\n",
    "Psis = NN_outputs[0][4].numpy()**2\n",
    "\n",
    "grad = t.jacobian(NN_outputs, intensor)[0,:,0,:]\n",
    "Psi11 = grad[1,0].numpy()\n",
    "Psi12 = grad[1,1].numpy()\n",
    "Psi1a = grad[1,2].numpy()\n",
    "Psi1s = grad[1,3].numpy()\n",
    "Psi21 = grad[2,0].numpy()\n",
    "Psi22 = grad[2,1].numpy()\n",
    "Psi2a = grad[2,2].numpy()\n",
    "Psi2s = grad[2,3].numpy()\n",
    "Psia1 = grad[3,0].numpy()\n",
    "Psia2 = grad[3,1].numpy()\n",
    "Psiaa = grad[3,2].numpy()\n",
    "Psias = grad[3,3].numpy()\n",
    "Psis1 = grad[4,0].numpy()\n",
    "Psis2 = grad[4,1].numpy()\n",
    "Psisa = grad[4,2].numpy()\n",
    "Psiss = grad[4,3].numpy()\n",
    "\n",
    "#### Tensorflow stuff\n",
    "\n",
    "print(gradPsi1, gradPsi2, gradPsia, gradPsis)\n",
    "\n",
    "Psi1 = Psi1*stdPsi/stdI1\n",
    "Psi2 = Psi2*stdPsi/stdI2\n",
    "Psia = Psia*stdPsi/stdIa\n",
    "Psis = Psis*stdPsi/stdIs\n",
    "\n",
    "Psi11 = Psi11*stdPsi/stdI1/stdI1\n",
    "Psi12 = Psi12*stdPsi/stdI1/stdI2\n",
    "Psi1a = Psi1a*stdPsi/stdI1/stdIa\n",
    "Psi1s = Psi1s*stdPsi/stdI1/stdIs\n",
    "Psi21 = Psi21*stdPsi/stdI2/stdI1\n",
    "Psi22 = Psi22*stdPsi/stdI2/stdI2\n",
    "Psi2a = Psi2a*stdPsi/stdI2/stdIa\n",
    "Psi2s = Psi2s*stdPsi/stdI2/stdIs\n",
    "Psia1 = Psia1*stdPsi/stdIa/stdI1\n",
    "Psia2 = Psia2*stdPsi/stdIa/stdI2\n",
    "Psiaa = Psiaa*stdPsi/stdIa/stdIa\n",
    "Psias = Psias*stdPsi/stdIa/stdIs\n",
    "Psis1 = Psis1*stdPsi/stdIs/stdI1\n",
    "Psis2 = Psis2*stdPsi/stdIs/stdI2\n",
    "Psisa = Psisa*stdPsi/stdIs/stdIa\n",
    "Psiss = Psiss*stdPsi/stdIs/stdIs\n",
    "\n",
    "Psi12  = 0.5*(Psi12 + Psi21)\n",
    "Psi1a  = 0.5*(Psi1a + Psia1)\n",
    "Psi2a  = 0.5*(Psi2a + Psia2)\n",
    "Psi1s  = 0.5*(Psi1s + Psis1)\n",
    "Psi2s  = 0.5*(Psi2s + Psis2)\n",
    "Psias  = 0.5*(Psias + Psisa)"
   ]
  },
  {
   "cell_type": "code",
   "execution_count": 114,
   "id": "426b0864-4b73-4a92-8af0-d1a3c0120c6f",
   "metadata": {},
   "outputs": [],
   "source": [
    "I = np.eye(3)\n",
    "II = 0.5*(np.einsum('ik,jl->ijkl',I,I) + np.einsum('il,jk->ijkl',I,I))\n",
    "A0 = np.outer(a0,a0)\n",
    "S0 = np.outer(s0,s0)"
   ]
  },
  {
   "cell_type": "code",
   "execution_count": 115,
   "id": "8f511585-a5c2-4916-ab2d-0bff450d5910",
   "metadata": {},
   "outputs": [],
   "source": [
    "Shat = 2*(Psi1*I + Psi2*(I1hat*I-Chat) + Psia*A0 + Psis*S0)"
   ]
  },
  {
   "cell_type": "code",
   "execution_count": 116,
   "id": "a3ad1b5b-0599-4904-acba-55f375afa8d8",
   "metadata": {},
   "outputs": [],
   "source": [
    "K = 10\n",
    "Psivol = K*(J-1)**2\n",
    "p = 2*K*(J-1)\n",
    "dpdJ = 2*K\n",
    "ptilde = p + J*dpdJ"
   ]
  },
  {
   "cell_type": "code",
   "execution_count": 117,
   "id": "330077d7-6d1d-4874-85a8-15e5b95f896b",
   "metadata": {},
   "outputs": [],
   "source": [
    "PP1 = II-1.0/3.0*np.einsum('ij,kl->ijkl',Cinv,C)\n",
    "Siso = np.einsum('ijkl,kl->ij',J**(-2.0/3.0)*PP1, Shat)\n",
    "S = Siso + J*p*Cinv\n",
    "sigma = 1/J*np.einsum('ij,jk,kl->il',F,S,F.transpose())"
   ]
  },
  {
   "cell_type": "code",
   "execution_count": 118,
   "id": "2a927a51-5804-446a-9115-8934a442ba4f",
   "metadata": {},
   "outputs": [],
   "source": [
    "d1 = +2*(Psi11 + 2*I1hat*Psi12 + Psi2 + I1hat**2*Psi22)\n",
    "d2 = -2*(Psi12 + I1hat*Psi22)\n",
    "d3 = +2*(Psi1a + Psi2a)\n",
    "d4 = +2*(Psi1s + Psi2s)\n",
    "d5 = -2*Psi2a\n",
    "d6 = -2*Psi2s\n",
    "d7 = +2*Psias\n",
    "d8 = +2*Psiaa\n",
    "d9 = +2*Psiss"
   ]
  },
  {
   "cell_type": "code",
   "execution_count": 119,
   "id": "87fadc32-640b-4f45-8fa0-132fd29fa59a",
   "metadata": {},
   "outputs": [],
   "source": [
    "CChat = 2*J**(-4/3)*(\n",
    "    d1*np.einsum('ij,kl->ijkl',I,I) + \n",
    "    d2*(np.einsum('ij,kl->ijkl',Chat,I   ) + np.einsum('ij,kl->ijkl',I   ,Chat)) +\n",
    "    d3*(np.einsum('ij,kl->ijkl',A0  ,I   ) + np.einsum('ij,kl->ijkl',I   ,A0  )) +\n",
    "    d4*(np.einsum('ij,kl->ijkl',S0  ,I   ) + np.einsum('ij,kl->ijkl',I   ,S0  )) +\n",
    "    d5*(np.einsum('ij,kl->ijkl',A0  ,Chat) + np.einsum('ij,kl->ijkl',Chat,A0  )) +\n",
    "    d6*(np.einsum('ij,kl->ijkl',S0  ,Chat) + np.einsum('ij,kl->ijkl',Chat,S0  )) +\n",
    "    d7*(np.einsum('ij,kl->ijkl',A0  ,S0  ) + np.einsum('ij,kl->ijkl',S0  ,A0  )) +\n",
    "    d8*np.einsum('ij,kl->ijkl',A0  ,A0  ) +\n",
    "    d9*np.einsum('ij,kl->ijkl',S0  ,S0  )\n",
    ")"
   ]
  },
  {
   "cell_type": "code",
   "execution_count": 120,
   "id": "1c5b1098-ec28-4878-912c-ccb51ed55c0b",
   "metadata": {},
   "outputs": [],
   "source": [
    "CCvol = J*ptilde*np.einsum('ij,kl->ijkl',Cinv,Cinv) - 2*J*p*1/2*(np.einsum('ik,jl->ijkl',Cinv,Cinv) + np.einsum('il,jk->ijkl',Cinv,Cinv))"
   ]
  },
  {
   "cell_type": "code",
   "execution_count": 121,
   "id": "685e6a4d-fe32-45af-bfb1-56d9ed4e012a",
   "metadata": {},
   "outputs": [],
   "source": [
    "PP2 = 1/2*(np.einsum('ik,jl->ijkl',Cinv,Cinv) + np.einsum('il,jk->ijkl',Cinv,Cinv)) - 1/3*np.einsum('ij,kl->ijkl',Cinv,Cinv)\n",
    "CCiso = -2/3*np.einsum('ij,kl->ijkl',Siso,Cinv) + J**(-4/3)*np.einsum('ijkl,klmn,opmn->ijop',PP1,CChat,PP1) - \\\n",
    "        2/3*np.einsum('ij,kl->ijkl',Cinv,Siso)  + 2/3*J**(-2/3)*(Shat[0,0]+Shat[1,1]+Shat[2,2])*PP2"
   ]
  },
  {
   "cell_type": "code",
   "execution_count": 122,
   "id": "975dc55f-b939-4e1c-b290-3c5a0e393956",
   "metadata": {},
   "outputs": [],
   "source": [
    "CC = CCvol + CCiso"
   ]
  },
  {
   "cell_type": "code",
   "execution_count": 123,
   "id": "c3e8ca83-fee3-43e5-b377-bb2c6efd94a6",
   "metadata": {},
   "outputs": [],
   "source": [
    "cc = 1/J*np.einsum('iI,jJ,kK,lL,IJKL->ijkl',F,F,F,F,CC)"
   ]
  },
  {
   "cell_type": "code",
   "execution_count": 124,
   "id": "dcc0c317-bbdd-47cd-b892-deb1741af538",
   "metadata": {},
   "outputs": [],
   "source": [
    "Itoi = [0, 1, 2, 0, 0, 1]\n",
    "Itoj = [0, 1, 2, 1, 2, 2]\n",
    "\n",
    "ddsdde = np.zeros((6,6))\n",
    "ID = np.eye(3)\n",
    "for II in range(6):\n",
    "    for JJ in range(6):\n",
    "        i = Itoi[II]\n",
    "        j = Itoj[II]\n",
    "        k = Itoi[JJ]\n",
    "        l = Itoj[JJ]\n",
    "        ddsdde[II,JJ]+= cc[i,j,k,l] + 0.5*(ID[i,k]*sigma[j,l] + ID[i,l]*sigma[j,k] + ID[j,k]*sigma[i,l] + ID[j,l]*sigma[i,k])"
   ]
  },
  {
   "cell_type": "code",
   "execution_count": 125,
   "id": "2d207d78-5ad5-43e0-a109-040b83ff7843",
   "metadata": {},
   "outputs": [
    {
     "name": "stdout",
     "output_type": "stream",
     "text": [
      "F\n",
      "[[ 1.02000000e+00 -1.62002356e-13  2.44852749e-13]\n",
      " [-1.45244927e-13  9.45332213e-01 -1.47851176e-12]\n",
      " [ 1.87582588e-13  1.47013651e-12  1.03699104e+00]]\n",
      "J\n",
      "0.9999070539362204\n",
      "C\n",
      "[[ 1.04040000e+00 -3.02547112e-13  4.44271267e-13]\n",
      " [-3.02547112e-13  8.93652992e-01  1.26833598e-13]\n",
      " [ 4.44271267e-13  1.26833598e-13  1.07535041e+00]]\n",
      "Cinv\n",
      "[[ 9.61168781e-01  3.25404649e-13 -3.97098162e-13]\n",
      " [ 3.25404649e-13  1.11900258e+00 -1.31982209e-13]\n",
      " [-3.97098162e-13 -1.31982209e-13  9.29929432e-01]]\n",
      "Chat\n",
      "[[ 1.04046447e+00 -3.02565860e-13  4.44298798e-13]\n",
      " [-3.02565860e-13  8.93708371e-01  1.26841458e-13]\n",
      " [ 4.44298798e-13  1.26841458e-13  1.07541705e+00]]\n",
      "I1hat, I2hat, I4ahat, I4shat\n",
      "3.0095898961695884 3.009914267528706 1.0404644723839014 0.89370837111605\n",
      "Psi1 Psi2 Psia Psis\n",
      "0.006529107795693995 0.004876827410086063 7.304586902637948e-06 0.0027025719236673275\n",
      "Shat\n",
      "[[ 3.22789944e-02  2.95112296e-15 -4.33353712e-15]\n",
      " [ 2.95112296e-15  3.91009375e-02 -1.23716780e-15]\n",
      " [-4.33353712e-15 -1.23716780e-15  3.19234699e-02]]\n",
      "PP1\n",
      "[[[[ 6.66666667e-01  9.69329461e-14 -1.42339891e-13]\n",
      "   [ 9.69329461e-14 -2.86317119e-01 -4.06361649e-14]\n",
      "   [-1.42339891e-13 -4.06361649e-14 -3.44531082e-01]]\n",
      "\n",
      "  [[-1.12850332e-13  5.00000000e-01 -4.81893119e-26]\n",
      "   [ 5.00000000e-01 -9.69329461e-14 -1.37574141e-26]\n",
      "   [-4.81893119e-26 -1.37574141e-26 -1.16641341e-13]]\n",
      "\n",
      "  [[ 1.37713642e-13 -4.00469672e-26  5.00000000e-01]\n",
      "   [-4.00469672e-26  1.18289320e-13  1.67884629e-26]\n",
      "   [ 5.00000000e-01  1.67884629e-26  1.42339891e-13]]]\n",
      "\n",
      "\n",
      " [[[-1.12850332e-13  5.00000000e-01 -4.81893119e-26]\n",
      "   [ 5.00000000e-01 -9.69329461e-14 -1.37574141e-26]\n",
      "   [-4.81893119e-26 -1.37574141e-26 -1.16641341e-13]]\n",
      "\n",
      "  [[-3.88070093e-01  1.12850332e-13 -1.65713564e-13]\n",
      "   [ 1.12850332e-13  6.66666667e-01 -4.73090409e-14]\n",
      "   [-1.65713564e-13 -4.73090409e-14 -4.01106628e-01]]\n",
      "\n",
      "  [[ 4.57714300e-14 -1.33102787e-26  1.95453010e-26]\n",
      "   [-1.33102787e-26  3.93154319e-14  5.00000000e-01]\n",
      "   [ 1.95453010e-26  5.00000000e-01  4.73090409e-14]]]\n",
      "\n",
      "\n",
      " [[[ 1.37713642e-13 -4.00469672e-26  5.00000000e-01]\n",
      "   [-4.00469672e-26  1.18289320e-13  1.67884629e-26]\n",
      "   [ 5.00000000e-01  1.67884629e-26  1.42339891e-13]]\n",
      "\n",
      "  [[ 4.57714300e-14 -1.33102787e-26  1.95453010e-26]\n",
      "   [-1.33102787e-26  3.93154319e-14  5.00000000e-01]\n",
      "   [ 1.95453010e-26  5.00000000e-01  4.73090409e-14]]\n",
      "\n",
      "  [[-3.22499527e-01  9.37824878e-14 -1.37713642e-13]\n",
      "   [ 9.37824878e-14 -2.77011407e-01 -3.93154319e-14]\n",
      "   [-1.37713642e-13 -3.93154319e-14  6.66666667e-01]]]]\n",
      "Siso\n",
      "[[-6.74607576e-04 -8.20584618e-15  9.28150244e-15]\n",
      " [-8.20584618e-15  7.36109538e-04  3.28803067e-15]\n",
      " [ 9.28150244e-15  3.28803067e-15  4.09496567e-05]]\n",
      "S\n",
      "[[-2.46117860e-03 -8.81069158e-15  1.00196080e-14]\n",
      " [-8.81069158e-15 -1.34383482e-03  3.53335240e-15]\n",
      " [ 1.00196080e-14  3.53335240e-15 -1.68755528e-03]]\n",
      "sigma\n",
      "[[-2.56084824e-03 -7.92592170e-15  9.69955509e-15]\n",
      " [-7.92592170e-15 -1.20103364e-03  4.18388562e-15]\n",
      " [ 9.69955509e-15  4.18388562e-15 -1.81488195e-03]]\n",
      "CChat\n",
      "[[[[-3.04199303e-01 -2.10913413e-13  3.09712986e-13]\n",
      "   [-2.10913413e-13 -2.45512335e-01  8.84189802e-14]\n",
      "   [ 3.09712986e-13  8.84189802e-14 -2.75386594e-01]]\n",
      "\n",
      "  [[-2.10913413e-13  0.00000000e+00  0.00000000e+00]\n",
      "   [ 0.00000000e+00 -2.08661965e-13  0.00000000e+00]\n",
      "   [ 0.00000000e+00  0.00000000e+00 -2.09610308e-13]]\n",
      "\n",
      "  [[ 3.09712986e-13  0.00000000e+00  0.00000000e+00]\n",
      "   [ 0.00000000e+00  3.06406878e-13  0.00000000e+00]\n",
      "   [ 0.00000000e+00  0.00000000e+00  3.07799458e-13]]]\n",
      "\n",
      "\n",
      " [[[-2.10913413e-13  0.00000000e+00  0.00000000e+00]\n",
      "   [ 0.00000000e+00 -2.08661965e-13  0.00000000e+00]\n",
      "   [ 0.00000000e+00  0.00000000e+00 -2.09610308e-13]]\n",
      "\n",
      "  [[-2.45512335e-01 -2.08661965e-13  3.06406878e-13]\n",
      "   [-2.08661965e-13 -1.11896076e-01  8.74751298e-14]\n",
      "   [ 3.06406878e-13  8.74751298e-14 -2.13876960e-01]]\n",
      "\n",
      "  [[ 8.84189802e-14  0.00000000e+00  0.00000000e+00]\n",
      "   [ 0.00000000e+00  8.74751298e-14  0.00000000e+00]\n",
      "   [ 0.00000000e+00  0.00000000e+00  8.78726931e-14]]]\n",
      "\n",
      "\n",
      " [[[ 3.09712986e-13  0.00000000e+00  0.00000000e+00]\n",
      "   [ 0.00000000e+00  3.06406878e-13  0.00000000e+00]\n",
      "   [ 0.00000000e+00  0.00000000e+00  3.07799458e-13]]\n",
      "\n",
      "  [[ 8.84189802e-14  0.00000000e+00  0.00000000e+00]\n",
      "   [ 0.00000000e+00  8.74751298e-14  0.00000000e+00]\n",
      "   [ 0.00000000e+00  0.00000000e+00  8.78726931e-14]]\n",
      "\n",
      "  [[-2.75386594e-01 -2.09610308e-13  3.07799458e-13]\n",
      "   [-2.09610308e-13 -2.13876960e-01  8.78726931e-14]\n",
      "   [ 3.07799458e-13  8.78726931e-14 -2.46190298e-01]]]]\n",
      "ptilde\n",
      "19.996282157448817\n",
      "p\n",
      "-0.0018589212755926177\n",
      "CCvol\n",
      "[[[[ 1.84751912e+01  6.25479439e-12 -7.63285761e-12]\n",
      "   [ 6.25479439e-12  2.15050091e+01 -2.53643616e-12]\n",
      "   [-7.63285761e-12 -2.53643616e-12  1.78713985e+01]]\n",
      "\n",
      "  [[ 6.25479439e-12  1.99917758e-03 -2.35795593e-16]\n",
      "   [ 1.99917758e-03  7.28189592e-12 -8.25942080e-16]\n",
      "   [-2.35795593e-16 -8.25942080e-16  6.05037977e-12]]\n",
      "\n",
      "  [[-7.63285761e-12 -2.35795593e-16  1.66138498e-03]\n",
      "   [-2.35795593e-16 -8.88459940e-12  5.62463542e-16]\n",
      "   [ 1.66138498e-03  5.62463542e-16 -7.38477890e-12]]]\n",
      "\n",
      "\n",
      " [[[ 6.25479439e-12  1.99917758e-03 -2.35795593e-16]\n",
      "   [ 1.99917758e-03  7.28189592e-12 -8.25942080e-16]\n",
      "   [-2.35795593e-16 -8.25942080e-16  6.05037977e-12]]\n",
      "\n",
      "  [[ 2.15050091e+01  7.28189592e-12 -8.88459940e-12]\n",
      "   [ 7.28189592e-12  2.50410076e+01 -2.95349409e-12]\n",
      "   [-8.88459940e-12 -2.95349409e-12  2.08060658e+01]]\n",
      "\n",
      "  [[-2.53643616e-12 -8.25942080e-16  5.62463542e-16]\n",
      "   [-8.25942080e-16 -2.95349409e-12  1.93420147e-03]\n",
      "   [ 5.62463542e-16  1.93420147e-03 -2.45445465e-12]]]\n",
      "\n",
      "\n",
      " [[[-7.63285761e-12 -2.35795593e-16  1.66138498e-03]\n",
      "   [-2.35795593e-16 -8.88459940e-12  5.62463542e-16]\n",
      "   [ 1.66138498e-03  5.62463542e-16 -7.38477890e-12]]\n",
      "\n",
      "  [[-2.53643616e-12 -8.25942080e-16  5.62463542e-16]\n",
      "   [-8.25942080e-16 -2.95349409e-12  1.93420147e-03]\n",
      "   [ 5.62463542e-16  1.93420147e-03 -2.45445465e-12]]\n",
      "\n",
      "  [[ 1.78713985e+01  6.05037977e-12 -7.38477890e-12]\n",
      "   [ 6.05037977e-12  2.08060658e+01 -2.45445465e-12]\n",
      "   [-7.38477890e-12 -2.45445465e-12  1.72937674e+01]]]]\n",
      "CCiso\n",
      "[[[[ 4.77236984e-02  2.53593072e-14 -2.83312631e-14]\n",
      "   [ 2.53593072e-14 -3.36382674e-02 -1.40491031e-15]\n",
      "   [-2.83312631e-14 -1.40491031e-15 -1.69633843e-02]]\n",
      "\n",
      "  [[ 2.53593072e-14  3.70382981e-02 -4.36853006e-15]\n",
      "   [ 3.70382981e-02  2.45095262e-14 -1.53020368e-14]\n",
      "   [-4.36853006e-15 -1.53020368e-14 -8.80037050e-15]]\n",
      "\n",
      "  [[-2.83312631e-14 -4.36853006e-15  3.07800932e-02]\n",
      "   [-4.36853006e-15 -5.41375998e-15  1.04206312e-14]\n",
      "   [ 3.07800932e-02  1.04206312e-14 -1.07858404e-14]]]\n",
      "\n",
      "\n",
      " [[[ 2.53593072e-14  3.70382981e-02 -4.36853006e-15]\n",
      "   [ 3.70382981e-02  2.45095262e-14 -1.53020368e-14]\n",
      "   [-4.36853006e-15 -1.53020368e-14 -8.80037050e-15]]\n",
      "\n",
      "  [[-3.36382674e-02  2.45095262e-14 -5.41375998e-15]\n",
      "   [ 2.45095262e-14  7.69318487e-02 -1.02763580e-14]\n",
      "   [-5.41375998e-15 -1.02763580e-14 -3.27570827e-02]]\n",
      "\n",
      "  [[-1.40491031e-15 -1.53020368e-14  1.04206312e-14]\n",
      "   [-1.53020368e-14 -1.02763580e-14  3.58345009e-02]\n",
      "   [ 1.04206312e-14  3.58345009e-02 -4.66911239e-15]]]\n",
      "\n",
      "\n",
      " [[[-2.83312631e-14 -4.36853006e-15  3.07800932e-02]\n",
      "   [-4.36853006e-15 -5.41375998e-15  1.04206312e-14]\n",
      "   [ 3.07800932e-02  1.04206312e-14 -1.07858404e-14]]\n",
      "\n",
      "  [[-1.40491031e-15 -1.53020368e-14  1.04206312e-14]\n",
      "   [-1.53020368e-14 -1.02763580e-14  3.58345009e-02]\n",
      "   [ 1.04206312e-14  3.58345009e-02 -4.66911239e-15]]\n",
      "\n",
      "  [[-1.69633843e-02 -8.80037050e-15 -1.07858404e-14]\n",
      "   [-8.80037050e-15 -3.27570827e-02 -4.66911239e-15]\n",
      "   [-1.07858404e-14 -4.66911239e-15  4.35581463e-02]]]]\n",
      "CC_ref\n",
      "[[[[ 1.85229149e+01  6.28015369e-12 -7.66118887e-12]\n",
      "   [ 6.28015369e-12  2.14713708e+01 -2.53784107e-12]\n",
      "   [-7.66118887e-12 -2.53784107e-12  1.78544351e+01]]\n",
      "\n",
      "  [[ 6.28015369e-12  3.90374757e-02 -4.60432565e-15]\n",
      "   [ 3.90374757e-02  7.30640545e-12 -1.61279789e-14]\n",
      "   [-4.60432565e-15 -1.61279789e-14  6.04157940e-12]]\n",
      "\n",
      "  [[-7.66118887e-12 -4.60432565e-15  3.24414781e-02]\n",
      "   [-4.60432565e-15 -8.89001316e-12  1.09830948e-14]\n",
      "   [ 3.24414781e-02  1.09830948e-14 -7.39556475e-12]]]\n",
      "\n",
      "\n",
      " [[[ 6.28015369e-12  3.90374757e-02 -4.60432565e-15]\n",
      "   [ 3.90374757e-02  7.30640545e-12 -1.61279789e-14]\n",
      "   [-4.60432565e-15 -1.61279789e-14  6.04157940e-12]]\n",
      "\n",
      "  [[ 2.14713708e+01  7.30640545e-12 -8.89001316e-12]\n",
      "   [ 7.30640545e-12  2.51179394e+01 -2.96377044e-12]\n",
      "   [-8.89001316e-12 -2.96377044e-12  2.07733087e+01]]\n",
      "\n",
      "  [[-2.53784107e-12 -1.61279789e-14  1.09830948e-14]\n",
      "   [-1.61279789e-14 -2.96377044e-12  3.77687023e-02]\n",
      "   [ 1.09830948e-14  3.77687023e-02 -2.45912377e-12]]]\n",
      "\n",
      "\n",
      " [[[-7.66118887e-12 -4.60432565e-15  3.24414781e-02]\n",
      "   [-4.60432565e-15 -8.89001316e-12  1.09830948e-14]\n",
      "   [ 3.24414781e-02  1.09830948e-14 -7.39556475e-12]]\n",
      "\n",
      "  [[-2.53784107e-12 -1.61279789e-14  1.09830948e-14]\n",
      "   [-1.61279789e-14 -2.96377044e-12  3.77687023e-02]\n",
      "   [ 1.09830948e-14  3.77687023e-02 -2.45912377e-12]]\n",
      "\n",
      "  [[ 1.78544351e+01  6.04157940e-12 -7.39556475e-12]\n",
      "   [ 6.04157940e-12  2.07733087e+01 -2.45912377e-12]\n",
      "   [-7.39556475e-12 -2.45912377e-12  1.73373256e+01]]]]\n",
      "DDSDDE\n",
      "[[ 2.00465408e+01  1.99650039e+01  1.99773019e+01  3.71640579e-15\n",
      "  -1.97748419e-16 -2.30140010e-14]\n",
      " [ 1.99650039e+01  2.00590426e+01  1.99648000e+01 -2.68836225e-15\n",
      "  -1.83035427e-14  3.74161767e-14]\n",
      " [ 1.99773019e+01  1.99648000e+01  2.00467446e+01 -1.02804354e-15\n",
      "   1.85012911e-14 -1.44021757e-14]\n",
      " [ 3.71640579e-15 -2.68836225e-15 -1.02804354e-15  3.44177825e-02\n",
      "   2.09194281e-15  4.84977755e-15]\n",
      " [-1.97748419e-16 -1.83035427e-14  1.85012911e-14  2.09194281e-15\n",
      "   3.41108584e-02 -3.96296085e-15]\n",
      " [-2.30140010e-14  3.74161767e-14 -1.44021757e-14  4.84977755e-15\n",
      "  -3.96296085e-15  3.47907657e-02]]\n"
     ]
    }
   ],
   "source": [
    "#print(F,J,C,Chat,I1hat,I2hat,Iahat,Ishat,Shat,Siso,S,sigma,Psi2a,CChat,CCvol,CCiso,CC,ddsdde)\n",
    "print('F')\n",
    "print(F)\n",
    "print('J')\n",
    "print(J)\n",
    "print('C')\n",
    "print(C)\n",
    "print('Cinv')\n",
    "print(Cinv)\n",
    "print('Chat')\n",
    "print(Chat)\n",
    "print('I1hat, I2hat, I4ahat, I4shat')\n",
    "print(I1hat, I2hat, Iahat, Ishat)\n",
    "print('Psi1', 'Psi2', 'Psia', 'Psis')\n",
    "print(Psi1, Psi2, Psia, Psis)\n",
    "print('Shat')\n",
    "print(Shat)\n",
    "print('PP1')\n",
    "print(PP1)\n",
    "print('Siso')\n",
    "print(Siso)\n",
    "print('S')\n",
    "print(S)\n",
    "print('sigma')\n",
    "print(sigma)\n",
    "print('CChat')\n",
    "print(CChat)\n",
    "print('ptilde')\n",
    "print(ptilde)\n",
    "print('p')\n",
    "print(p)\n",
    "print('CCvol')\n",
    "print(CCvol)\n",
    "print('CCiso')\n",
    "print(CCiso)\n",
    "print('CC_ref')\n",
    "print(CC)\n",
    "print('DDSDDE')\n",
    "print(ddsdde)"
   ]
  },
  {
   "cell_type": "code",
   "execution_count": null,
   "id": "9e7815b1-442f-4d11-a4d0-62380aa71b68",
   "metadata": {},
   "outputs": [],
   "source": []
  }
 ],
 "metadata": {
  "kernelspec": {
   "display_name": "tf",
   "language": "python",
   "name": "tf"
  },
  "language_info": {
   "codemirror_mode": {
    "name": "ipython",
    "version": 3
   },
   "file_extension": ".py",
   "mimetype": "text/x-python",
   "name": "python",
   "nbconvert_exporter": "python",
   "pygments_lexer": "ipython3",
   "version": "3.8.13"
  }
 },
 "nbformat": 4,
 "nbformat_minor": 5
}
