GOH params for murine data (fitted to Off-x and Off-y only): 

S111S1: [2.69804100e-03, 2.13677988e-02, 1.14909551e+01, 3.33333333e-01, 5.29620414e-03]
S112S2: [0.00000000e+00, 3.15918839e-02, 1.14909877e+01, 3.33333333e-01, 5.30096719e-03]
S111S4: [0.00000000e+00, 3.67463536e-02, 1.14910263e+01, 3.31002082e-01, 5.29863821e-03]
S112S3: [3.44146561e-04, 1.11816314e-02, 1.14885011e+01, 3.33333333e-01, 5.28486316e-03]
S112S4: [0.,             0.06119954,     16.95850061,    0.33333333,     0.02521206]
S113S3: [0.00000000e+00, 1.97567494e-02, 1.14904873e+01, 3.33333333e-01, 5.29524367e-03]
S113S4: [2.19404642e-03, 4.24951393e-03, 1.14855650e+01, 3.33333333e-01, 5.36256541e-03]
S143S1: [4.28020227e-03, 1.59229630e-05, 1.14220508e+01, 2.74081721e-01, 5.45201343e-03]
S143S2: [3.83973446e-03, 3.75989596e-04, 1.14773922e+01, 3.08257022e-01, 5.46525554e-03]
S144S3: [8.45394781e-04, 6.14428149e-03, 1.14900602e+01, 3.08286186e-01, 5.28501177e-03]
S144S4: [0.00000000e+00, 5.54908164e-02, 1.14910353e+01, 3.27687526e-01, 5.30391414e-03]
